              precision    recall  f1-score   support

   n01704323       0.61      0.76      0.67       120
   n01749939       0.81      0.57      0.67       120
   n02110341       0.52      0.84      0.64       120
   n02606052       0.75      0.84      0.79       120
   n02971356       0.53      0.42      0.47       120
   n03127925       0.54      0.51      0.53       120
   n03908618       0.64      0.41      0.50       120
   n04509417       0.54      0.68      0.61       120
   n07613480       0.56      0.70      0.62       120
   n07697537       0.79      0.35      0.49       120

    accuracy                           0.61      1200
   macro avg       0.63      0.61      0.60      1200
weighted avg       0.63      0.61      0.60      1200
